Name	PID	Ready	Run	Start Time		End Time		Time Interval		Unit Time
=============================================================================================================================
P0	2919	0	500	1588215971.7295628	1588215971.9049873	0.17542457580566406	593.5767755575936
P1	2920	1000	500	1588215972.0397592	1588215972.2168422	0.17708301544189453	599.1883681591976
P2	2921	2000	500	1588215972.3606958	1588215972.498988	0.1382920742034912	467.9330881313687
P3	2922	3000	500	1588215972.6368465	1588215972.7751346	0.13828802108764648	467.91937377337166
P4	2923	4000	500	1588215972.9172885	1588215973.0556314	0.13834285736083984	468.1049209698019
P5	2924	5000	500	1588215973.190481	1588215973.3636687	0.1731877326965332	586.0080633971207
P6	2925	6000	500	1588215973.5383532	1588215973.6771257	0.13877248764038086	469.55864291748605
P7	2926	7000	500	1588215973.8111272	1588215973.9437616	0.13263440132141113	448.7894578214113
P8	2927	8000	500	1588215974.0814064	1588215974.2143242	0.1329178810119629	449.74865615426165
P9	2928	9000	500	1588215974.3466206	1588215974.4793682	0.13274765014648438	449.17265311838685
