[11324.527175] [Project1] 6235 1588167860.767108483 1588167886.189289735
[11825.646935] [Project1] 6402 1588168386.297754325 1588168387.270552736
[11827.552140] [Project1] 6403 1588168388.224708571 1588168389.175629341
[11829.460654] [Project1] 6404 1588168390.137086386 1588168391.084017523
[11831.412800] [Project1] 6405 1588168392.074803385 1588168393.036036054
[11833.351984] [Project1] 6406 1588168394.020084360 1588168394.975095246
[11835.304756] [Project1] 6407 1588168395.932496664 1588168396.927744600
[11837.198865] [Project1] 6408 1588168397.863924724 1588168398.821736416
[11839.097024] [Project1] 6409 1588168399.753537436 1588168400.719780188
[11841.005131] [Project1] 6410 1588168401.673691853 1588168402.627771358
