Name	PID	Ready	Run	Start Time		End Time		Time Interval		Unit Time
=============================================================================================================================
P1	3007	100	3000	1588216024.7993865	1588216025.6090367	0.809650182723999	2739.5793467577
P2	3014	100	5000	1588216029.643182	1588216030.9805415	1.3373594284057617	4525.166976342249
P3	3012	100	7000	1588216027.7763789	1588216029.6431491	1.8667702674865723	6316.512216104722
P4	3008	200	10	1588216025.6091204	1588216025.611913	0.0027925968170166016	9.449192659946524
P5	3009	200	10	1588216025.6120832	1588216025.615003	0.002919912338256836	9.87998484644114
P6	3010	300	4000	1588216025.615092	1588216026.6848469	1.0697548389434814	3619.6845568584376
P7	3011	400	4000	1588216026.6849916	1588216027.7763662	1.0913746356964111	3692.838555868422
P8	3017	500	9000	1588216030.9805963	1588216033.3640196	2.383423328399658	8064.689497254224
